136 1
190 1
191 1
231 1
268 1
338 1
405 1
461 1
1684 1
137 2
260 2
318 2
371 2
477 2
779 2
66 1
118 1
119 1
171 1
263 1
292 1
448 1
507 1
509 1
645 1
1342 1
48 2
50 2
54 2
59 2
73 2
89 2
166 2
172 2
204 2
223 2
319 2
357 2
380 2
400 2
413 2
453 2
498 2
621 2
754 2
775 2
799 2
877 2
1201 2
1780 2
1 1
26 1
27 1
202 1
283 1
392 1
896 1
1332 1
11 2
15 2
16 2
18 2
31 2
80 2
167 2
189 2
287 2
289 2
481 2
524 2
611 2
633 2
658 2
777 2
792 2
809 2
870 2
915 2
986 2
1620 2
1764 2
1781 2
21 1
83 1
141 1
160 1
206 1
234 1
237 1
876 1
2 2
19 2
24 2
61 2
92 2
142 2
328 2
20 1
155 1
232 1
496 1
150 2
227 2
316 2
456 2
503 2
581 2
735 2
856 2
901 2
907 2
921 2
1003 2
1019 2
1441 2
225 1
239 2
373 2
402 2
659 2
692 2
14 1
28 1
58 1
344 1
387 1
412 1
415 1
551 1
557 1
6 2
8 2
43 2
49 2
151 2
165 2
647 2
816 2
594 1
599 1
819 1
12 2
13 2
128 2
187 2
442 2
451 2
454 2
720 2
811 2
817 2
916 2
94 1
100 1
101 1
104 1
111 1
144 1
145 1
226 1
501 1
543 1
617 1
965 1
102 2
103 2
105 2
106 2
107 2
114 2
116 2
222 2
236 2
337 2
437 2
515 2
623 2
652 2
654 2
108 1
530 1
700 1
95 2
96 2
98 2
230 2
450 2
538 2
110 1
559 1
589 1
590 1
429 2
130 2
399 2
547 2
990 2
208 2
421 2
648 2
677 2
1971 1
210 2
542 2
752 2
784 2
934 2
1376 2
200 2
207 2
386 2
695 2
1020 2
1254 2
1905 2
785 2
886 2
1584 2
743 2
1514 2
1631 2
797 2
146 2
341 2
88 1
217 1
242 1
349 1
350 1
75 2
147 2
148 2
179 2
215 2
274 2
324 2
347 2
406 2
462 2
791 2
912 2
35 1
69 1
367 1
704 1
33 2
34 2
74 2
81 2
153 2
154 2
162 2
209 2
240 2
300 2
378 2
436 2
540 2
713 2
875 2
1011 2
1802 2
22 2
397 2
17 1
39 2
40 2
46 2
77 2
78 2
79 2
90 2
93 2
131 2
216 2
473 2
491 2
494 2
698 2
1774 2
2305 2
53 1
70 1
339 1
674 1
1668 1
45 2
91 2
139 2
152 2
198 2
213 2
264 2
279 2
313 2
322 2
673 2
740 2
813 2
1105 2
1027 2
1653 2
121 1
5 2
62 2
63 2
64 2
97 2
120 2
122 2
221 2
309 2
416 2
516 2
518 2
583 2
688 2
714 2
718 2
764 2
790 2
808 2
931 2
1143 2
1277 2
409 1
455 1
55 2
134 2
334 2
435 2
665 2
738 2
670 2
769 2
846 2
945 2
1024 2
1775 2
1785 2
219 1
643 1
3 2
220 2
395 2
424 2
438 2
567 2
904 2
930 2
303 1
1013 1
238 2
304 2
523 2
525 2
560 2
1139 2
1769 2
1094 2
1109 2
56 2
57 2
452 2
795 2
1288 2
1834 2
169 1
229 2