137
260
318
371
477
779
48
50
54
59
73
89
166
172
204
223
319
357
380
400
413
453
498
621
754
775
799
877
1201
1780
11
15
16
18
31
80
167
189
287
289
481
524
611
633
658
777
792
809
870
915
986
1620
1764
1781
2
19
24
61
92
142
328
150
227
316
456
503
581
735
856
901
907
921
1003
1019
1441
239
373
402
659
692
6
8
43
49
151
165
647
816
12
13
128
187
442
451
454
720
811
817
916
102
103
105
106
107
114
116
222
236
337
437
515
623
652
654
95
96
98
230
450
538
429
130
399
547
990
208
421
648
677
210
542
752
784
934
1376
200
207
386
695
1020
1254
1905
785
886
1584
743
1514
1631
797
146
341
75
147
148
179
215
274
324
347
406
462
791
912
33
34
74
81
153
154
162
209
240
300
378
436
540
713
875
1011
1802
22
397
39
40
46
77
78
79
90
93
131
216
473
491
494
698
1774
2305
45
91
139
152
198
213
264
279
313
322
673
740
813
1105
1027
1653
5
62
63
64
97
120
122
221
309
416
516
518
583
688
714
718
764
790
808
931
1143
1277
55
134
334
435
665
738
670
769
846
945
1024
1775
1785
3
220
395
424
438
567
904
930
238
304
523
525
560
1139
1769
1094
1109
56
57
452
795
1288
1834
229